[0, 0, 5]
[1, 0, 14]
[2, 0, 18]
[3, 1, 3]
[4, 1, 5]
[5, 1, 11]
[6, 2, 26]
[7, 2, 7]
[8, 2, 6]
[9, 3, 9]
[10, 3, 4]
[11, 3, 21]
[12, 4, 7]
[13, 4, 25]
[14, 4, 23]
[15, 5, 28]
[16, 5, 6]
[17, 5, 24]
[18, 6, 5]
[19, 6, 1]
[20, 6, 14]
[21, 7, 15]
[22, 7, 23]
[23, 7, 11]
[24, 8, 21]
[25, 8, 5]
[26, 8, 2]
[27, 9, 28]
[28, 9, 19]
[29, 9, 17]
[30, 10, 6]
[31, 10, 9]
[32, 10, 9]
[33, 11, 17]
[34, 11, 6]
[35, 11, 21]
[36, 12, 29]
[37, 12, 0]
[38, 12, 1]
[39, 13, 20]
[40, 13, 26]
[41, 13, 0]
[42, 14, 27]
[43, 14, 1]
[44, 14, 7]
[45, 15, 25]
[46, 15, 0]
[47, 15, 12]
[48, 16, 18]
[49, 16, 28]
[50, 16, 7]
[51, 17, 27]
[52, 17, 14]
[53, 17, 6]
[54, 18, 10]
[55, 18, 3]
[56, 18, 20]
[57, 19, 25]
[58, 19, 22]
[59, 19, 9]
[60, 20, 28]
[61, 20, 16]
[62, 20, 0]
[63, 21, 18]
[64, 21, 7]
[65, 21, 20]
[66, 22, 26]
[67, 22, 10]
[68, 22, 6]
[69, 23, 8]
[70, 23, 17]
[71, 23, 14]
[72, 24, 12]
[73, 24, 13]
[74, 24, 16]
[75, 25, 18]
[76, 25, 1]
[77, 25, 20]
[78, 26, 28]
[79, 26, 8]
[80, 26, 11]
[81, 27, 26]
[82, 27, 13]
[83, 27, 28]
[84, 28, 11]
[85, 28, 9]
[86, 28, 13]
[87, 29, 22]
[88, 29, 11]
[89, 29, 6]
